psnr dwt bmp
1   76.3907344062764

2   67.5862019002786

3   67.3529039351430

4   69.7666959653937

5   67.4760532015201

6   78.0892103511214

7   72.4649332218424

8   71.0635594743413

9   74.6322886972508

10   71.1148525461409

11   70.5475763016517

12   76.5374567601009

13   70.0959785014475

14   68.2827094473546

15   69.8767323574208

16   71.3216985347394

17   73.8838750472156

18   77.5113425047914

19   71.7370072428807

20   66.3039348798388

21   72.2100251095745

22   73.4632971998856

23   75.7825801378635

24   82.1012628011101

25   76.5549093871118

26   78.8990340517117

27   71.8788087065370

28   73.0241336320268

29   79.9347250250845

30   74.8180628274335

31   71.7066264571207

32   71.8169430434906

33   75.0704458132895

34   73.6186758254465

35   70.2493898108903

36   71.1138175435406

37   71.8827354200224

38   81.1414678771536

39   69.2132483916156

40   69.5285017205153

psnr dwt png
1   76.3907344062764
2   67.5862019002786
3   67.3529039351430
4   69.7666959653937
5   67.4760532015201
6   78.0892103511214
7   72.4649332218424
8   71.0635594743413
9   74.6322886972508
10  71.1148525461409
11  70.5475763016517
12  76.5374567601009
13  70.0959785014475
14  68.2827094473546
15  69.8767323574208
16  71.3216985347394
17  73.8838750472156
18  77.5113425047914
19  71.7370072428807
20  66.3039348798388
21  72.2100251095745
22  73.4632971998856
23  75.7825801378635
24  82.1012628011101
25  76.5549093871118
26  78.8990340517117
27  71.8788087065370
28  73.0241336320268
29  79.9347250250845
30  74.8180628274335
31  71.7066264571207
32  71.8169430434906
33  75.0704458132895
34  73.6186758254465
35  70.2493898108903
36  71.1138175435406
37  71.8827354200224
38  81.1414678771536
39  69.2132483916156
40  69.5285017205153

psnr lsb bmp
1   63.7014561396240
2   58.4983757018439
3   58.2783081130338
4   59.1269478312558
5   60.7573792473776
6   66.2099560275450
7   60.4600258863694
8   59.7939852922088
9   60.2637079502268
10  59.5336984052021
11  59.6341686420005
12  63.2542895196281
13  65.7047042557478
14  59.4793469267842
15  65.5034888715211
16  62.9725651741424
17  60.7308692142112
18  61.3399282918906
19  59.7749937932398
20  64.8340640572069
21  62.8488288415962
22  63.3110339890522
23  63.7097792874973
24  66.5224874240559
25  65.6270144154364
26  65.3425425526586
27  62.7467413266519
28  68.5800114384314
29  64.7353557812715
30  67.7664470011369
31  68.8658111923972
32  62.6362962077412
33  63.5782909660710
34  63.7300946523911
35  68.7774787114638
36  70.5726372682479
37  62.6952215772962
38  65.9475553558792
39  68.3036712578847
40  68.8018089981738

psnr lsb png
1   63.7014561396240
2   58.4983757018439
3   58.2783081130338
4   59.1269478312558
5   60.7573792473776
6   66.2099560275450
7   60.4600258863694
8   59.7939852922088
9   60.2637079502268
10  59.5336984052021
11  59.6341686420005
12  63.2542895196281
13  65.7047042557478
14  59.4793469267842
15  65.5034888715211
16  62.9725651741424
17  60.7308692142112
18  61.3399282918906
19  59.7749937932398
20  64.8340640572069
21  62.8488288415962
22  63.3110339890522
23  63.7097792874973
24  66.5224874240559
25  65.6270144154364
26  65.3425425526586
27  62.7467413266519
28  68.5800114384314
29  64.7353557812715
30  67.7664470011369
31  68.8658111923972
32  62.6362962077412
33  63.5782909660710
34  63.7300946523911
35  68.7774787114638
36  70.5726372682479
37  62.6952215772962
38  65.9475553558792
39  68.3036712578847
40  68.8018089981738