mse dwt bmp
1 0.00149281819661458
2 0.0113360087076823
3 0.0119616190592448
4 0.00686136881510417
5 0.0116271972656250
6 0.00100962320963542
7 0.00368626912434896
8 0.00509007771809896
9 0.00223795572916667
10 0.00503031412760417
11 0.00573221842447917
12 0.00144322713216146
13 0.00636037190755208
14 0.00965627034505208
15 0.00668970743815104
16 0.00479634602864583
17 0.00265884399414063
18 0.00115331013997396
19 0.00435892740885417
20 0.0152295430501302
21 0.00390910962664715
22 0.00292921089555881
23 0.00171720580161054
24 0.000400824335041484
25 0.00143743899463153
26 0.000837870607613470
27 0.00421890251342118
28 0.00324091020009761
29 0.000660097151049292
30 0.00214424338091752
31 0.00438952690336750
32 0.00427943127745242
33 0.00202318585285505
34 0.00282626433626159
35 0.00613961841142020
36 0.00503151308565154
37 0.00421508967789165
38 0.000499958058809175
39 0.00779391242679356
40 0.00724820034163006

mse dwt png
1 0.00149281819661458
2 0.0113360087076823
3 0.0119616190592448
4 0.00686136881510417
5 0.0116271972656250
6 0.00100962320963542
7 0.00368626912434896
8 0.00509007771809896
9 0.00223795572916667
10 0.00503031412760417
11 0.00573221842447917
12 0.00144322713216146
13 0.00636037190755208
14 0.00965627034505208
15 0.00668970743815104
16 0.00479634602864583
17 0.00265884399414063
18 0.00115331013997396
19 0.00435892740885417
20 0.0152295430501302
21 0.00390910962664715
22 0.00292921089555881
23 0.00171720580161054
24 0.000400824335041484
25 0.00143743899463153
26 0.000837870607613470
27 0.00421890251342118
28 0.00324091020009761
29 0.000660097151049292
30 0.00214424338091752
31 0.00438952690336750
32 0.00427943127745242
33 0.00202318585285505
34 0.00282626433626159
35 0.00613961841142020
36 0.00503151308565154
37 0.00421508967789165
38 0.000499958058809175
39 0.00779391242679356
40 0.00724820034163006

mse lsb bmp
1   0.0277290344238281
2   0.0918846130371094
3   0.0966606140136717
4   0.0795033772786457
5   0.0546188354492186
6   0.0155626932779948
7   0.0584894816080727
8   0.0681838989257813
9   0.0611941019694010
10  0.0723953247070310
11  0.0707397460937499
12  0.0307362874348959
13  0.0174827575683594
14  0.0733070373535156
15  0.0183118184407552
16  0.0327962239583333
17  0.0549532572428384
18  0.0477625528971356
19  0.0684827168782550
20  0.0213635762532552
21  0.0337440710407516
22  0.0303373024951196
23  0.0276759432955100
24  0.0144821025500244
25  0.0177983162518302
26  0.0190031722791606
27  0.0345466729197170
28  0.00901735602733041
29  0.0218546966508053
30  0.0108751601390923
31  0.00844304767569547
32  0.0354364934114202
33  0.0285266822230356
34  0.0275467834919473
35  0.00861653169228895
36  0.00569923590775988
37  0.0349589357613470
38  0.0165319782515862
39  0.00960977534773062
40  0.00856839464372868

mse lsb png
1   0.0277290344238281
2   0.0918846130371094
3   0.0966606140136717
4   0.0795033772786457
5   0.0546188354492186
6   0.0155626932779948
7   0.0584894816080727
8   0.0681838989257813
9   0.0611941019694010
10  0.0723953247070310
11  0.0707397460937499
12  0.0307362874348959
13  0.0174827575683594
14  0.0733070373535156
15  0.0183118184407552
16  0.0327962239583333
17  0.0549532572428384
18  0.0477625528971356
19  0.0684827168782550
20  0.0213635762532552
21  0.0337440710407516
22  0.0303373024951196
23  0.0276759432955100
24  0.0144821025500244
25  0.0177983162518302
26  0.0190031722791606
27  0.0345466729197170
28  0.00901735602733041
29  0.0218546966508053
30  0.0108751601390923
31  0.00844304767569547
32  0.0354364934114202
33  0.0285266822230356
34  0.0275467834919473
35  0.00861653169228895
36  0.00569923590775988
37  0.0349589357613470
38  0.0165319782515862
39  0.00960977534773062
40  0.00856839464372868